1000
517
185
159
531
234
797
94
94
245
465
554
32
143
674
635
823
848
687
992
297
126
574
401
249
949
896
807
356
49
248
545
388
82
280
928
476
159
244
76
166
695
907
664
738
531
812
156
911
648
101
426
231
756
282
259
350
950
443
323
131
651
542
194
987
215
960
772
785
1
702
460
970
818
89
204
209
294
593
688
222
244
129
484
133
355
163
962
796
509
325
809
156
41
493
450
36
395
745
93
522
831
290
380
220
62
626
54
462
416
331
95
284
11
370
789
627
778
308
62
123
818
855
56
855
905
764
978
896
359
852
737
103
58
137
573
434
900
294
78
329
288
809
377
129
813
888
415
920
290
418
943
298
627
272
2
772
803
867
40
735
867
887
466
295
265
449
608
333
828
29
588
297
407
660
598
524
76
371
113
645
27
975
357
794
947
512
102
570
704
787
502
689
238
925
95
523
677
516
883
372
597
232
112
440
212
827
118
438
710
972
154
482
532
2
888
588
40
135
724
267
983
891
58
93
512
963
48
563
925
633
632
49
288
462
930
484
248
798
201
647
419
539
724
767
526
372
416
390
962
470
221
229
657
555
702
93
59
395
37
543
514
409
222
290
164
208
698
974
2
837
407
359
700
310
758
956
832
195
958
648
27
700
391
249
150
468
329
799
964
76
454
711
124
531
13
65
354
653
128
878
67
57
128
590
537
991
336
857
219
201
592
316
872
474
787
703
757
629
595
60
878
791
139
970
842
231
36
76
706
141
308
748
978
881
357
787
705
677
594
397
326
126
231
80
92
830
105
550
951
582
828
460
703
483
684
274
92
54
621
227
91
480
847
487
376
205
684
672
236
697
44
625
666
552
388
366
836
810
330
407
843
951
348
319
367
560
825
997
780
319
927
464
941
103
31
424
77
846
231
699
492
233
718
477
462
73
869
868
283
78
820
779
186
137
147
996
591
822
586
100
911
426
482
698
178
905
134
703
304
91
788
293
14
239
329
705
43
897
388
715
863
224
225
984
140
851
745
53
119
534
903
198
136
319
342
344
743
478
106
588
386
308
677
685
213
755
35
485
145
702
183
842
800
538
335
231
504
886
30
16
414
583
929
493
45
23
468
555
375
807
653
999
594
178
48
541
215
588
981
808
143
322
96
387
343
772
232
615
486
273
954
990
37
625
30
535
798
569
114
987
831
339
389
672
841
156
655
27
172
170
296
91
590
293
566
988
228
532
370
818
935
196
301
742
267
405
327
301
804
838
137
263
130
682
452
998
911
314
617
48
29
861
18
566
909
765
633
790
286
660
727
174
875
311
223
314
713
666
317
583
39
484
457
513
78
372
121
722
763
196
582
548
754
486
173
585
933
972
864
905
534
155
726
68
433
587
705
480
166
544
14
829
422
477
595
599
739
874
428
708
229
731
334
671
338
260
999
924
902
617
965
949
83
714
7
844
914
375
257
521
51
104
652
303
514
865
437
658
202
348
389
940
86
855
953
529
262
863
186
407
159
253
703
809
766
192
890
126
494
963
65
685
744
105
142
924
978
702
401
26
115
112
164
754
446
46
119
41
333
135
637
513
528
279
214
807
742
909
679
729
292
792
71
260
644
467
612
733
959
894
269
79
77
952
665
373
132
634
880
560
80
845
239
843
634
335
930
69
660
42
894
518
300
309
357
966
711
343
173
122
704
121
659
625
553
275
788
374
841
722
812
478
358
456
794
581
349
373
884
388
424
301
503
550
919
274
66
562
162
740
619
371
566
141
18
511
190
721
341
453
372
726
627
387
744
593
853
799
112
194
938
132
265
720
458
158
653
528
941
778
237
898
493
576
145
492
161
322
733
91
116
194
6
375
101
151
374
575
648
688
540
373
325
100
136
99
623
641
717
150
792
76
432
449
251
256
840
21
434
610
646
344
353
765
359
172
75
369
407
882
931
330
424
262
806
366
780
861
151
574
432
604
794
192
801
258
101
517
531
657
548
199
184
673
45
453
454
470
523
378
260
690
830
851
429
830
507
968
502
894
568
724
61
362
419
64
123
812
163
349
436
103
47
113
163
124
94
204
259
395
487
251
372
104
762
340
859
52
925
219
325
246
924
908
205
441
739
667
268
64
846
97
712
375
75
415
353
747
390
544
847
621
301
561
208
923
285
933
425
984
85
167
298
126
945
134
175
704
194
176
61
124
700
992
626
569
840
906
615
214
267
122
698
667
975
391
255
572
480
653
248
459
610
595
797
741
345
458
389
792
520
272
653
802
262
84
616
22
150
586
